__builtin_constant_p;269;1091;6;0;0.000000e+00;0.000000e+00;0.000000e+00;0.000000e+00;6;5.499542e-03;1.000000e+00;1.093892e-02;1.759678e+01;0;0.000000e+00;0.000000e+00;0.000000e+00;0.000000e+00;__builtin_constant_p#0#RV#!Unknown1
__builtin_constant_p;269;1091;8;0;0.000000e+00;0.000000e+00;0.000000e+00;0.000000e+00;0;0.000000e+00;0.000000e+00;0.000000e+00;0.000000e+00;8;7.332722e-03;1.000000e+00;1.455869e-02;1.072763e+00;__builtin_constant_p#0#RV#(('#'==Error argument index || Unknown1) || Unknown3)
__builtin_constant_p;269;1091;2;0;0.000000e+00;0.000000e+00;0.000000e+00;0.000000e+00;2;1.833181e-03;1.000000e+00;3.659652e-03;1.759678e+01;0;0.000000e+00;0.000000e+00;0.000000e+00;0.000000e+00;__builtin_constant_p#0#RV#((Unknown1 && Error argument index) && Error argument index)
__builtin_constant_p;269;1091;12;0;0.000000e+00;0.000000e+00;0.000000e+00;0.000000e+00;0;0.000000e+00;0.000000e+00;0.000000e+00;0.000000e+00;12;1.099908e-02;1.000000e+00;2.175884e-02;1.072763e+00;__builtin_constant_p#0#RV#((Unknown1 || Unknown1) && Error argument index)
__builtin_constant_p;269;1091;294;0;0.000000e+00;0.000000e+00;0.000000e+00;0.000000e+00;0;0.000000e+00;0.000000e+00;0.000000e+00;0.000000e+00;294;2.694775e-01;1.000000e+00;4.245487e-01;1.072763e+00;__builtin_constant_p#0#RV#(0<Error argument index && !Error argument index)
__builtin_constant_p;269;1091;294;0;0.000000e+00;0.000000e+00;0.000000e+00;0.000000e+00;0;0.000000e+00;0.000000e+00;0.000000e+00;0.000000e+00;294;2.694775e-01;1.000000e+00;4.245487e-01;1.072763e+00;__builtin_constant_p#0#RV#(1<Error argument index && !Error argument index)
__builtin_constant_p;269;1091;294;0;0.000000e+00;0.000000e+00;0.000000e+00;0.000000e+00;0;0.000000e+00;0.000000e+00;0.000000e+00;0.000000e+00;294;2.694775e-01;1.000000e+00;4.245487e-01;1.072763e+00;__builtin_constant_p#0#RV#(2<Error argument index && !Error argument index)
__builtin_constant_p;269;1091;20;0;0.000000e+00;0.000000e+00;0.000000e+00;0.000000e+00;2;1.833181e-03;1.000000e-01;3.600360e-03;1.759677e+00;18;1.649863e-02;9.000000e-01;3.240324e-02;9.654867e-01;__builtin_constant_p#0#RV#(Unknown1 && Error argument index)
__builtin_constant_p;269;1091;43;0;0.000000e+00;0.000000e+00;0.000000e+00;0.000000e+00;0;0.000000e+00;0.000000e+00;0.000000e+00;0.000000e+00;43;3.941338e-02;1.000000e+00;7.583774e-02;1.072763e+00;__builtin_constant_p#0#RV#Error argument index
__builtin_constant_p;269;1091;109;4;3.666361e-03;3.669725e-02;6.666667e-03;1.000917e+01;52;4.766269e-02;4.770642e-01;8.666667e-02;8.394792e+00;45;4.124656e-02;4.128440e-01;7.500000e-02;4.428838e-01;__builtin_constant_p#0#RV#Unknown1
__builtin_constant_p;269;1091;9;0;0.000000e+00;0.000000e+00;0.000000e+00;0.000000e+00;0;0.000000e+00;0.000000e+00;0.000000e+00;0.000000e+00;9;8.249313e-03;1.000000e+00;1.636364e-02;1.072763e+00;__builtin_constant_p#0#RV#__builtin_constant_p_0
__builtin_strchr;49;21;4;0;0.000000e+00;0.000000e+00;0.000000e+00;0.000000e+00;0;0.000000e+00;0.000000e+00;0.000000e+00;0.000000e+00;4;1.904762e-01;1.000000e+00;3.200000e-01;1.500000e+00;__builtin_strchr#0#RV#(('#'==Error argument index || Unknown1) || Unknown3)
__builtin_strchr;49;21;1;0;0.000000e+00;0.000000e+00;0.000000e+00;0.000000e+00;1;4.761905e-02;1.000000e+00;9.090909e-02;5.250000e+00;0;0.000000e+00;0.000000e+00;0.000000e+00;0.000000e+00;__builtin_strchr#0#RV#((Unknown1 && Error argument index) && Error argument index)
__builtin_strchr;49;21;1;0;0.000000e+00;0.000000e+00;0.000000e+00;0.000000e+00;1;4.761905e-02;1.000000e+00;9.090909e-02;5.250000e+00;0;0.000000e+00;0.000000e+00;0.000000e+00;0.000000e+00;__builtin_strchr#0#RV#(Unknown1 && Error argument index)
__builtin_strchr;49;21;7;0;0.000000e+00;0.000000e+00;0.000000e+00;0.000000e+00;0;0.000000e+00;0.000000e+00;0.000000e+00;0.000000e+00;7;3.333333e-01;1.000000e+00;5.000000e-01;1.500000e+00;__builtin_strchr#0#RV#Error argument index
__builtin_strchr;49;21;8;2;9.523810e-02;2.500000e-01;1.379310e-01;2.625000e+00;2;9.523810e-02;2.500000e-01;1.379310e-01;1.312500e+00;3;1.428571e-01;3.750000e-01;2.068966e-01;5.625000e-01;__builtin_strchr#0#RV#Unknown1
__builtin_strcmp;88;660;4;0;0.000000e+00;0.000000e+00;0.000000e+00;0.000000e+00;4;6.060606e-03;1.000000e+00;1.204819e-02;1.833333e+01;0;0.000000e+00;0.000000e+00;0.000000e+00;0.000000e+00;__builtin_strcmp#0#RV#!Unknown1
__builtin_strcmp;88;660;8;0;0.000000e+00;0.000000e+00;0.000000e+00;0.000000e+00;0;0.000000e+00;0.000000e+00;0.000000e+00;0.000000e+00;8;1.212121e-02;1.000000e+00;2.395210e-02;1.064516e+00;__builtin_strcmp#0#RV#((Unknown1 || Unknown1) && Error argument index)
__builtin_strcmp;88;660;192;0;0.000000e+00;0.000000e+00;0.000000e+00;0.000000e+00;0;0.000000e+00;0.000000e+00;0.000000e+00;0.000000e+00;192;2.909091e-01;1.000000e+00;4.507042e-01;1.064516e+00;__builtin_strcmp#0#RV#(0<Error argument index && !Error argument index)
__builtin_strcmp;88;660;192;0;0.000000e+00;0.000000e+00;0.000000e+00;0.000000e+00;0;0.000000e+00;0.000000e+00;0.000000e+00;0.000000e+00;192;2.909091e-01;1.000000e+00;4.507042e-01;1.064516e+00;__builtin_strcmp#0#RV#(1<Error argument index && !Error argument index)
__builtin_strcmp;88;660;192;0;0.000000e+00;0.000000e+00;0.000000e+00;0.000000e+00;0;0.000000e+00;0.000000e+00;0.000000e+00;0.000000e+00;192;2.909091e-01;1.000000e+00;4.507042e-01;1.064516e+00;__builtin_strcmp#0#RV#(2<Error argument index && !Error argument index)
__builtin_strcmp;88;660;12;0;0.000000e+00;0.000000e+00;0.000000e+00;0.000000e+00;0;0.000000e+00;0.000000e+00;0.000000e+00;0.000000e+00;12;1.818182e-02;1.000000e+00;3.571429e-02;1.064516e+00;__builtin_strcmp#0#RV#(Unknown1 && Error argument index)
__builtin_strcmp;88;660;60;0;0.000000e+00;0.000000e+00;0.000000e+00;0.000000e+00;32;4.848485e-02;5.333334e-01;8.888889e-02;9.777778e+00;24;3.636364e-02;4.000000e-01;6.666667e-02;4.258065e-01;__builtin_strcmp#0#RV#Unknown1
__builtin_strlen;88;660;4;0;0.000000e+00;0.000000e+00;0.000000e+00;0.000000e+00;4;6.060606e-03;1.000000e+00;1.204819e-02;1.833333e+01;0;0.000000e+00;0.000000e+00;0.000000e+00;0.000000e+00;__builtin_strlen#0#RV#!Unknown1
__builtin_strlen;88;660;8;0;0.000000e+00;0.000000e+00;0.000000e+00;0.000000e+00;0;0.000000e+00;0.000000e+00;0.000000e+00;0.000000e+00;8;1.212121e-02;1.000000e+00;2.395210e-02;1.064516e+00;__builtin_strlen#0#RV#((Unknown1 || Unknown1) && Error argument index)
__builtin_strlen;88;660;192;0;0.000000e+00;0.000000e+00;0.000000e+00;0.000000e+00;0;0.000000e+00;0.000000e+00;0.000000e+00;0.000000e+00;192;2.909091e-01;1.000000e+00;4.507042e-01;1.064516e+00;__builtin_strlen#0#RV#(0<Error argument index && !Error argument index)
__builtin_strlen;88;660;192;0;0.000000e+00;0.000000e+00;0.000000e+00;0.000000e+00;0;0.000000e+00;0.000000e+00;0.000000e+00;0.000000e+00;192;2.909091e-01;1.000000e+00;4.507042e-01;1.064516e+00;__builtin_strlen#0#RV#(1<Error argument index && !Error argument index)
__builtin_strlen;88;660;192;0;0.000000e+00;0.000000e+00;0.000000e+00;0.000000e+00;0;0.000000e+00;0.000000e+00;0.000000e+00;0.000000e+00;192;2.909091e-01;1.000000e+00;4.507042e-01;1.064516e+00;__builtin_strlen#0#RV#(2<Error argument index && !Error argument index)
__builtin_strlen;88;660;12;0;0.000000e+00;0.000000e+00;0.000000e+00;0.000000e+00;0;0.000000e+00;0.000000e+00;0.000000e+00;0.000000e+00;12;1.818182e-02;1.000000e+00;3.571429e-02;1.064516e+00;__builtin_strlen#0#RV#(Unknown1 && Error argument index)
__builtin_strlen;88;660;60;0;0.000000e+00;0.000000e+00;0.000000e+00;0.000000e+00;32;4.848485e-02;5.333334e-01;8.888889e-02;9.777778e+00;24;3.636364e-02;4.000000e-01;6.666667e-02;4.258065e-01;__builtin_strlen#0#RV#Unknown1
__errno_location;40;1;1;1;1.000000e+00;1.000000e+00;1.000000e+00;1.000000e+00;0;0.000000e+00;0.000000e+00;0.000000e+00;0.000000e+00;0;0.000000e+00;0.000000e+00;0.000000e+00;0.000000e+00;__errno_location#0#RV#*__errno_location_0==39
__rawmemchr;49;21;4;0;0.000000e+00;0.000000e+00;0.000000e+00;0.000000e+00;0;0.000000e+00;0.000000e+00;0.000000e+00;0.000000e+00;4;1.904762e-01;1.000000e+00;3.200000e-01;1.500000e+00;__rawmemchr#0#RV#(('#'==Error argument index || Unknown1) || Unknown3)
__rawmemchr;49;21;1;0;0.000000e+00;0.000000e+00;0.000000e+00;0.000000e+00;1;4.761905e-02;1.000000e+00;9.090909e-02;5.250000e+00;0;0.000000e+00;0.000000e+00;0.000000e+00;0.000000e+00;__rawmemchr#0#RV#((Unknown1 && Error argument index) && Error argument index)
__rawmemchr;49;21;1;0;0.000000e+00;0.000000e+00;0.000000e+00;0.000000e+00;1;4.761905e-02;1.000000e+00;9.090909e-02;5.250000e+00;0;0.000000e+00;0.000000e+00;0.000000e+00;0.000000e+00;__rawmemchr#0#RV#(Unknown1 && Error argument index)
__rawmemchr;49;21;7;0;0.000000e+00;0.000000e+00;0.000000e+00;0.000000e+00;0;0.000000e+00;0.000000e+00;0.000000e+00;0.000000e+00;7;3.333333e-01;1.000000e+00;5.000000e-01;1.500000e+00;__rawmemchr#0#RV#Error argument index
__rawmemchr;49;21;8;2;9.523810e-02;2.500000e-01;1.379310e-01;2.625000e+00;2;9.523810e-02;2.500000e-01;1.379310e-01;1.312500e+00;3;1.428571e-01;3.750000e-01;2.068966e-01;5.625000e-01;__rawmemchr#0#RV#Unknown1
__strdup;27;27;27;0;0.000000e+00;0.000000e+00;0.000000e+00;0.000000e+00;0;0.000000e+00;0.000000e+00;0.000000e+00;0.000000e+00;27;1.000000e+00;1.000000e+00;1.000000e+00;1.000000e+00;__strdup#0#RV#Error argument index
bftpd_cwd_chdir;2;1;1;1;1.000000e+00;1.000000e+00;1.000000e+00;1.000000e+00;0;0.000000e+00;0.000000e+00;0.000000e+00;0.000000e+00;0;0.000000e+00;0.000000e+00;0.000000e+00;0.000000e+00;bftpd_cwd_chdir#0#RV#bftpd_cwd_chdir_0
bftpd_login;1;1;1;1;1.000000e+00;1.000000e+00;1.000000e+00;1.000000e+00;0;0.000000e+00;0.000000e+00;0.000000e+00;0.000000e+00;0;0.000000e+00;0.000000e+00;0.000000e+00;0.000000e+00;bftpd_login#0#RV#bftpd_login_0
bftpd_setuid;2;2;2;2;1.000000e+00;1.000000e+00;1.000000e+00;1.000000e+00;0;0.000000e+00;0.000000e+00;0.000000e+00;0.000000e+00;0;0.000000e+00;0.000000e+00;0.000000e+00;0.000000e+00;bftpd_setuid#0#RV#bftpd_setuid_0
bftpdutmp_dup_ip_count;1;1;1;1;1.000000e+00;1.000000e+00;1.000000e+00;1.000000e+00;0;0.000000e+00;0.000000e+00;0.000000e+00;0.000000e+00;0;0.000000e+00;0.000000e+00;0.000000e+00;0.000000e+00;bftpdutmp_dup_ip_count#0#RV#(Error argument index && Error argument index==bftpdutmp_dup_ip_count_0)
bftpdutmp_pidexists;1;1;1;1;1.000000e+00;1.000000e+00;1.000000e+00;1.000000e+00;0;0.000000e+00;0.000000e+00;0.000000e+00;0.000000e+00;0;0.000000e+00;0.000000e+00;0.000000e+00;0.000000e+00;bftpdutmp_pidexists#0#RV#bftpdutmp_pidexists_0
bftpdutmp_usercount;6;2;2;2;1.000000e+00;1.000000e+00;1.000000e+00;1.000000e+00;0;0.000000e+00;0.000000e+00;0.000000e+00;0.000000e+00;0;0.000000e+00;0.000000e+00;0.000000e+00;0.000000e+00;bftpdutmp_usercount#0#RV#(Error argument index && Error argument index==bftpdutmp_usercount_0)
bind;5;5;1;0;0.000000e+00;0.000000e+00;0.000000e+00;0.000000e+00;0;0.000000e+00;0.000000e+00;0.000000e+00;0.000000e+00;1;2.000000e-01;1.000000e+00;3.333333e-01;5.000000e+00;bind#0#RV#!bind_0
bind;5;5;2;2;4.000000e-01;1.000000e+00;5.714286e-01;1.250000e+00;0;0.000000e+00;0.000000e+00;0.000000e+00;0.000000e+00;0;0.000000e+00;0.000000e+00;0.000000e+00;0.000000e+00;bind#0#RV#-1==bind_0
bind;5;5;2;2;4.000000e-01;1.000000e+00;5.714286e-01;1.250000e+00;0;0.000000e+00;0.000000e+00;0.000000e+00;0.000000e+00;0;0.000000e+00;0.000000e+00;0.000000e+00;0.000000e+00;bind#0#RV#0>bind_0
calloc;29;27;27;0;0.000000e+00;0.000000e+00;0.000000e+00;0.000000e+00;0;0.000000e+00;0.000000e+00;0.000000e+00;0.000000e+00;27;1.000000e+00;1.000000e+00;1.000000e+00;1.000000e+00;calloc#0#RV#Error argument index
chdir;10;5;5;4;8.000000e-01;8.000000e-01;8.000000e-01;1.000000e+00;0;0.000000e+00;0.000000e+00;0.000000e+00;0.000000e+00;0;0.000000e+00;0.000000e+00;0.000000e+00;0.000000e+00;chdir#0#RV#chdir_0
checkpass;2;2;2;0;0.000000e+00;0.000000e+00;0.000000e+00;0.000000e+00;1;5.000000e-01;5.000000e-01;5.000000e-01;1.000000e+00;0;0.000000e+00;0.000000e+00;0.000000e+00;0.000000e+00;checkpass#0#RV#checkpass_0
checkshell;1;1;1;1;1.000000e+00;1.000000e+00;1.000000e+00;1.000000e+00;0;0.000000e+00;0.000000e+00;0.000000e+00;0.000000e+00;0;0.000000e+00;0.000000e+00;0.000000e+00;0.000000e+00;checkshell#0#RV#(checkshell_0 || Error argument index)
checkuser;1;1;1;1;1.000000e+00;1.000000e+00;1.000000e+00;1.000000e+00;0;0.000000e+00;0.000000e+00;0.000000e+00;0.000000e+00;0;0.000000e+00;0.000000e+00;0.000000e+00;0.000000e+00;checkuser#0#RV#(checkuser_0 || Error argument index)
chmod;1;1;1;1;1.000000e+00;1.000000e+00;1.000000e+00;1.000000e+00;0;0.000000e+00;0.000000e+00;0.000000e+00;0.000000e+00;0;0.000000e+00;0.000000e+00;0.000000e+00;0.000000e+00;chmod#0#RV#chmod_0
chown;1;1;1;1;1.000000e+00;1.000000e+00;1.000000e+00;1.000000e+00;0;0.000000e+00;0.000000e+00;0.000000e+00;0.000000e+00;0;0.000000e+00;0.000000e+00;0.000000e+00;0.000000e+00;chown#0#RV#chown_0
chroot;4;4;1;1;2.500000e-01;1.000000e+00;4.000000e-01;1.000000e+00;0;0.000000e+00;0.000000e+00;0.000000e+00;0.000000e+00;0;0.000000e+00;0.000000e+00;0.000000e+00;0.000000e+00;chroot#0#RV#-1==chroot_0
chroot;4;4;3;3;7.500000e-01;1.000000e+00;8.571428e-01;1.000000e+00;0;0.000000e+00;0.000000e+00;0.000000e+00;0.000000e+00;0;0.000000e+00;0.000000e+00;0.000000e+00;0.000000e+00;chroot#0#RV#chroot_0
config_getoption;100;163;1;1;6.134969e-03;1.000000e+00;1.219512e-02;1.358333e+01;0;0.000000e+00;0.000000e+00;0.000000e+00;0.000000e+00;0;0.000000e+00;0.000000e+00;0.000000e+00;0.000000e+00;config_getoption#0#RV#(!config_getoption_0 || Error argument index)
config_getoption;100;163;40;0;0.000000e+00;0.000000e+00;0.000000e+00;0.000000e+00;0;0.000000e+00;0.000000e+00;0.000000e+00;0.000000e+00;40;2.453988e-01;1.000000e+00;3.940887e-01;1.108844e+00;config_getoption#0#RV#(0<Error argument index && !Error argument index)
config_getoption;100;163;40;0;0.000000e+00;0.000000e+00;0.000000e+00;0.000000e+00;0;0.000000e+00;0.000000e+00;0.000000e+00;0.000000e+00;40;2.453988e-01;1.000000e+00;3.940887e-01;1.108844e+00;config_getoption#0#RV#(1<Error argument index && !Error argument index)
config_getoption;100;163;40;0;0.000000e+00;0.000000e+00;0.000000e+00;0.000000e+00;0;0.000000e+00;0.000000e+00;0.000000e+00;0.000000e+00;40;2.453988e-01;1.000000e+00;3.940887e-01;1.108844e+00;config_getoption#0#RV#(2<Error argument index && !Error argument index)
config_getoption;100;163;2;2;1.226994e-02;1.000000e+00;2.424242e-02;1.358333e+01;0;0.000000e+00;0.000000e+00;0.000000e+00;0.000000e+00;0;0.000000e+00;0.000000e+00;0.000000e+00;0.000000e+00;config_getoption#0#RV#(Error argument index && Error argument index!=Error argument index)
config_getoption;100;163;2;1;6.134969e-03;5.000000e-01;1.212121e-02;6.791667e+00;0;0.000000e+00;0.000000e+00;0.000000e+00;0.000000e+00;1;6.134969e-03;5.000000e-01;1.212121e-02;5.544218e-01;config_getoption#0#RV#(Error argument index || Error argument index)
config_getoption;100;163;38;8;4.907975e-02;2.105263e-01;7.960199e-02;2.859649e+00;3;1.840491e-02;7.894737e-02;2.985075e-02;4.289474e+00;26;1.595092e-01;6.842105e-01;2.587065e-01;7.586824e-01;config_getoption#0#RV#Error argument index
connect;1;1;1;1;1.000000e+00;1.000000e+00;1.000000e+00;1.000000e+00;0;0.000000e+00;0.000000e+00;0.000000e+00;0.000000e+00;0;0.000000e+00;0.000000e+00;0.000000e+00;0.000000e+00;connect#0#RV#-1==connect_0
crypt;60;420;120;0;0.000000e+00;0.000000e+00;0.000000e+00;0.000000e+00;0;0.000000e+00;0.000000e+00;0.000000e+00;0.000000e+00;120;2.857143e-01;1.000000e+00;4.444444e-01;1.166667e+00;crypt#0#RV#(0<Error argument index && !Error argument index)
crypt;60;420;120;0;0.000000e+00;0.000000e+00;0.000000e+00;0.000000e+00;0;0.000000e+00;0.000000e+00;0.000000e+00;0.000000e+00;120;2.857143e-01;1.000000e+00;4.444444e-01;1.166667e+00;crypt#0#RV#(1<Error argument index && !Error argument index)
crypt;60;420;120;0;0.000000e+00;0.000000e+00;0.000000e+00;0.000000e+00;0;0.000000e+00;0.000000e+00;0.000000e+00;0.000000e+00;120;2.857143e-01;1.000000e+00;4.444444e-01;1.166667e+00;crypt#0#RV#(2<Error argument index && !Error argument index)
crypt;60;420;60;0;0.000000e+00;0.000000e+00;0.000000e+00;0.000000e+00;40;9.523810e-02;6.666667e-01;1.666667e-01;7.000000e+00;0;0.000000e+00;0.000000e+00;0.000000e+00;0.000000e+00;crypt#0#RV#Unknown1
dataconn;3;3;3;0;0.000000e+00;0.000000e+00;0.000000e+00;0.000000e+00;3;1.000000e+00;1.000000e+00;1.000000e+00;1.000000e+00;0;0.000000e+00;0.000000e+00;0.000000e+00;0.000000e+00;dataconn#0#RV#dataconn_0
fgets;8;2;2;0;0.000000e+00;0.000000e+00;0.000000e+00;0.000000e+00;1;5.000000e-01;5.000000e-01;5.000000e-01;1.000000e+00;1;5.000000e-01;5.000000e-01;5.000000e-01;1.000000e+00;fgets#0#RV#!fgets_0
fileno;10;2;2;1;5.000000e-01;5.000000e-01;5.000000e-01;1.000000e+00;1;5.000000e-01;5.000000e-01;5.000000e-01;1.000000e+00;0;0.000000e+00;0.000000e+00;0.000000e+00;0.000000e+00;fileno#0#RV#Error argument index
fopen;18;5;5;4;8.000000e-01;8.000000e-01;8.000000e-01;1.000000e+00;0;0.000000e+00;0.000000e+00;0.000000e+00;0.000000e+00;1;2.000000e-01;2.000000e-01;2.000000e-01;1.000000e+00;fopen#0#RV#fopen_0
fork;4;2;2;0;0.000000e+00;0.000000e+00;0.000000e+00;0.000000e+00;1;5.000000e-01;5.000000e-01;5.000000e-01;1.000000e+00;1;5.000000e-01;5.000000e-01;5.000000e-01;1.000000e+00;fork#0#RV#fork_0
free;54;2;2;0;0.000000e+00;0.000000e+00;0.000000e+00;0.000000e+00;0;0.000000e+00;0.000000e+00;0.000000e+00;0.000000e+00;2;1.000000e+00;1.000000e+00;1.000000e+00;1.000000e+00;free#0#RV#Error argument index
getgrgid;1;1;1;0;0.000000e+00;0.000000e+00;0.000000e+00;0.000000e+00;0;0.000000e+00;0.000000e+00;0.000000e+00;0.000000e+00;1;1.000000e+00;1.000000e+00;1.000000e+00;1.000000e+00;getgrgid#0#RV#getgrgid_0
getgrnam;2;2;2;0;0.000000e+00;0.000000e+00;0.000000e+00;0.000000e+00;0;0.000000e+00;0.000000e+00;0.000000e+00;0.000000e+00;2;1.000000e+00;1.000000e+00;1.000000e+00;1.000000e+00;getgrnam#0#RV#getgrnam_0
gethostbyaddr;2;2;2;0;0.000000e+00;0.000000e+00;0.000000e+00;0.000000e+00;0;0.000000e+00;0.000000e+00;0.000000e+00;0.000000e+00;2;1.000000e+00;1.000000e+00;1.000000e+00;1.000000e+00;gethostbyaddr#0#RV#gethostbyaddr_0
getoption;7;4;4;0;0.000000e+00;0.000000e+00;0.000000e+00;0.000000e+00;3;7.500000e-01;7.500000e-01;7.500000e-01;1.000000e+00;1;2.500000e-01;2.500000e-01;2.500000e-01;1.000000e+00;getoption#0#RV#getoption_0
getoption_directories;3;3;3;0;0.000000e+00;0.000000e+00;0.000000e+00;0.000000e+00;3;1.000000e+00;1.000000e+00;1.000000e+00;1.000000e+00;0;0.000000e+00;0.000000e+00;0.000000e+00;0.000000e+00;getoption_directories#0#RV#getoption_directories_0
getoption_global;1;1;1;0;0.000000e+00;0.000000e+00;0.000000e+00;0.000000e+00;1;1.000000e+00;1.000000e+00;1.000000e+00;1.000000e+00;0;0.000000e+00;0.000000e+00;0.000000e+00;0.000000e+00;getoption_global#0#RV#getoption_global_0
getoption_group;1;1;1;0;0.000000e+00;0.000000e+00;0.000000e+00;0.000000e+00;1;1.000000e+00;1.000000e+00;1.000000e+00;1.000000e+00;0;0.000000e+00;0.000000e+00;0.000000e+00;0.000000e+00;getoption_group#0#RV#getoption_group_0
getoption_user;1;1;1;0;0.000000e+00;0.000000e+00;0.000000e+00;0.000000e+00;1;1.000000e+00;1.000000e+00;1.000000e+00;1.000000e+00;0;0.000000e+00;0.000000e+00;0.000000e+00;0.000000e+00;getoption_user#0#RV#getoption_user_0
getpeername;1;1;1;1;1.000000e+00;1.000000e+00;1.000000e+00;1.000000e+00;0;0.000000e+00;0.000000e+00;0.000000e+00;0.000000e+00;0;0.000000e+00;0.000000e+00;0.000000e+00;0.000000e+00;getpeername#0#RV#getpeername_0
getpwnam;5;3;2;1;3.333333e-01;5.000000e-01;4.000000e-01;1.500000e+00;1;3.333333e-01;5.000000e-01;4.000000e-01;1.500000e+00;0;0.000000e+00;0.000000e+00;0.000000e+00;0.000000e+00;getpwnam#0#RV#!getpwnam_0
getpwnam;5;3;1;0;0.000000e+00;0.000000e+00;0.000000e+00;0.000000e+00;0;0.000000e+00;0.000000e+00;0.000000e+00;0.000000e+00;1;3.333333e-01;1.000000e+00;5.000000e-01;3.000000e+00;getpwnam#0#RV#getpwnam_0
getpwuid;1;1;1;0;0.000000e+00;0.000000e+00;0.000000e+00;0.000000e+00;0;0.000000e+00;0.000000e+00;0.000000e+00;0.000000e+00;1;1.000000e+00;1.000000e+00;1.000000e+00;1.000000e+00;getpwuid#0#RV#getpwuid_0
getspnam;1;1;1;0;0.000000e+00;0.000000e+00;0.000000e+00;0.000000e+00;1;1.000000e+00;1.000000e+00;1.000000e+00;1.000000e+00;0;0.000000e+00;0.000000e+00;0.000000e+00;0.000000e+00;getspnam#0#RV#getspnam_0
kill;1;1;1;1;1.000000e+00;1.000000e+00;1.000000e+00;1.000000e+00;0;0.000000e+00;0.000000e+00;0.000000e+00;0.000000e+00;0;0.000000e+00;0.000000e+00;0.000000e+00;0.000000e+00;kill#0#RV#kill_0
listen;3;3;3;3;1.000000e+00;1.000000e+00;1.000000e+00;1.000000e+00;0;0.000000e+00;0.000000e+00;0.000000e+00;0.000000e+00;0;0.000000e+00;0.000000e+00;0.000000e+00;0.000000e+00;listen#0#RV#listen_0
lstat;2;2;2;2;1.000000e+00;1.000000e+00;1.000000e+00;1.000000e+00;0;0.000000e+00;0.000000e+00;0.000000e+00;0.000000e+00;0;0.000000e+00;0.000000e+00;0.000000e+00;0.000000e+00;lstat#0#RV#-1==lstat_0
malloc;52;27;27;0;0.000000e+00;0.000000e+00;0.000000e+00;0.000000e+00;0;0.000000e+00;0.000000e+00;0.000000e+00;0.000000e+00;27;1.000000e+00;1.000000e+00;1.000000e+00;1.000000e+00;malloc#0#RV#Error argument index
memcpy;54;27;27;0;0.000000e+00;0.000000e+00;0.000000e+00;0.000000e+00;0;0.000000e+00;0.000000e+00;0.000000e+00;0.000000e+00;27;1.000000e+00;1.000000e+00;1.000000e+00;1.000000e+00;memcpy#0#RV#Error argument index
mkdir;2;1;1;1;1.000000e+00;1.000000e+00;1.000000e+00;1.000000e+00;0;0.000000e+00;0.000000e+00;0.000000e+00;0.000000e+00;0;0.000000e+00;0.000000e+00;0.000000e+00;0.000000e+00;mkdir#0#RV#mkdir_0
mygetpwnam;2;2;2;2;1.000000e+00;1.000000e+00;1.000000e+00;1.000000e+00;0;0.000000e+00;0.000000e+00;0.000000e+00;0.000000e+00;0;0.000000e+00;0.000000e+00;0.000000e+00;0.000000e+00;mygetpwnam#0#RV#0>mygetpwnam_0
opendir;2;1;1;0;0.000000e+00;0.000000e+00;0.000000e+00;0.000000e+00;0;0.000000e+00;0.000000e+00;0.000000e+00;0.000000e+00;1;1.000000e+00;1.000000e+00;1.000000e+00;1.000000e+00;opendir#0#RV#opendir_0
recv;1;1;1;0;0.000000e+00;0.000000e+00;0.000000e+00;0.000000e+00;0;0.000000e+00;0.000000e+00;0.000000e+00;0.000000e+00;1;1.000000e+00;1.000000e+00;1.000000e+00;1.000000e+00;recv#0#RV#recv_0
rename;1;1;1;1;1.000000e+00;1.000000e+00;1.000000e+00;1.000000e+00;0;0.000000e+00;0.000000e+00;0.000000e+00;0.000000e+00;0;0.000000e+00;0.000000e+00;0.000000e+00;0.000000e+00;rename#0#RV#rename_0
rmdir;1;1;1;1;1.000000e+00;1.000000e+00;1.000000e+00;1.000000e+00;0;0.000000e+00;0.000000e+00;0.000000e+00;0.000000e+00;0;0.000000e+00;0.000000e+00;0.000000e+00;0.000000e+00;rmdir#0#RV#rmdir_0
select;5;3;2;1;3.333333e-01;5.000000e-01;4.000000e-01;1.500000e+00;1;3.333333e-01;5.000000e-01;4.000000e-01;1.500000e+00;0;0.000000e+00;0.000000e+00;0.000000e+00;0.000000e+00;select#0#RV#!select_0
select;5;3;1;0;0.000000e+00;0.000000e+00;0.000000e+00;0.000000e+00;0;0.000000e+00;0.000000e+00;0.000000e+00;0.000000e+00;1;3.333333e-01;1.000000e+00;5.000000e-01;3.000000e+00;select#0#RV#0<select_0
sscanf;18;7;2;2;2.857143e-01;1.000000e+00;4.444444e-01;1.750000e+00;0;0.000000e+00;0.000000e+00;0.000000e+00;0.000000e+00;0;0.000000e+00;0.000000e+00;0.000000e+00;0.000000e+00;sscanf#0#RV#!sscanf_0
sscanf;18;7;1;1;1.428571e-01;1.000000e+00;2.500000e-01;1.750000e+00;0;0.000000e+00;0.000000e+00;0.000000e+00;0.000000e+00;0;0.000000e+00;0.000000e+00;0.000000e+00;0.000000e+00;sscanf#0#RV#1>sscanf_0
sscanf;18;7;1;0;0.000000e+00;0.000000e+00;0.000000e+00;0.000000e+00;0;0.000000e+00;0.000000e+00;0.000000e+00;0.000000e+00;0;0.000000e+00;0.000000e+00;0.000000e+00;0.000000e+00;sscanf#0#RV#2>sscanf_0
sscanf;18;7;1;1;1.428571e-01;1.000000e+00;2.500000e-01;1.750000e+00;0;0.000000e+00;0.000000e+00;0.000000e+00;0.000000e+00;0;0.000000e+00;0.000000e+00;0.000000e+00;0.000000e+00;sscanf#0#RV#3>sscanf_0
sscanf;18;7;2;0;0.000000e+00;0.000000e+00;0.000000e+00;0.000000e+00;0;0.000000e+00;0.000000e+00;0.000000e+00;0.000000e+00;2;2.857143e-01;1.000000e+00;4.444444e-01;3.500000e+00;sscanf#0#RV#sscanf_0
stat;4;3;1;0;0.000000e+00;0.000000e+00;0.000000e+00;0.000000e+00;1;3.333333e-01;1.000000e+00;5.000000e-01;3.000000e+00;0;0.000000e+00;0.000000e+00;0.000000e+00;0.000000e+00;stat#0#RV#!stat_0
stat;4;3;2;2;6.666667e-01;1.000000e+00;8.000000e-01;1.500000e+00;0;0.000000e+00;0.000000e+00;0.000000e+00;0.000000e+00;0;0.000000e+00;0.000000e+00;0.000000e+00;0.000000e+00;stat#0#RV#stat_0
strcasecmp;32;31;21;5;1.612903e-01;2.380952e-01;1.923077e-01;6.150793e-01;5;1.612903e-01;2.380952e-01;1.923077e-01;1.230159e+00;8;2.580645e-01;3.809524e-01;3.076923e-01;1.180952e+00;strcasecmp#0#RV#!strcasecmp_0
strcasecmp;32;31;2;0;0.000000e+00;0.000000e+00;0.000000e+00;0.000000e+00;1;3.225806e-02;5.000000e-01;6.060606e-02;2.583333e+00;1;3.225806e-02;5.000000e-01;6.060606e-02;1.550000e+00;strcasecmp#0#RV#(Error argument index || !strcasecmp_0)
strcasecmp;32;31;8;7;2.258064e-01;8.750000e-01;3.589743e-01;2.260417e+00;0;0.000000e+00;0.000000e+00;0.000000e+00;0.000000e+00;1;3.225806e-02;1.250000e-01;5.128205e-02;3.875000e-01;strcasecmp#0#RV#strcasecmp_0
strlen;82;81;1;0;0.000000e+00;0.000000e+00;0.000000e+00;0.000000e+00;0;0.000000e+00;0.000000e+00;0.000000e+00;0.000000e+00;1;1.234568e-02;1.000000e+00;2.439024e-02;1.065789e+00;strlen#0#RV#'/'!=Error argument index
strlen;82;81;1;0;0.000000e+00;0.000000e+00;0.000000e+00;0.000000e+00;0;0.000000e+00;0.000000e+00;0.000000e+00;0.000000e+00;1;1.234568e-02;1.000000e+00;2.439024e-02;1.065789e+00;strlen#0#RV#'/'==Error argument index
strlen;82;81;1;0;0.000000e+00;0.000000e+00;0.000000e+00;0.000000e+00;0;0.000000e+00;0.000000e+00;0.000000e+00;0.000000e+00;1;1.234568e-02;1.000000e+00;2.439024e-02;1.065789e+00;strlen#0#RV#('/'==Error argument index && 1<Error argument index)
strlen;82;81;1;0;0.000000e+00;0.000000e+00;0.000000e+00;0.000000e+00;0;0.000000e+00;0.000000e+00;0.000000e+00;0.000000e+00;1;1.234568e-02;1.000000e+00;2.439024e-02;1.065789e+00;strlen#0#RV#('/'==Error argument index && 1<strlen_0)
strlen;82;81;12;0;0.000000e+00;0.000000e+00;0.000000e+00;0.000000e+00;0;0.000000e+00;0.000000e+00;0.000000e+00;0.000000e+00;12;1.481481e-01;1.000000e+00;2.580645e-01;1.065789e+00;strlen#0#RV#(0<Error argument index && !Error argument index)
strlen;82;81;1;0;0.000000e+00;0.000000e+00;0.000000e+00;0.000000e+00;0;0.000000e+00;0.000000e+00;0.000000e+00;0.000000e+00;1;1.234568e-02;1.000000e+00;2.439024e-02;1.065789e+00;strlen#0#RV#(1+Error argument index<strlen_0 && Error argument index)
strlen;82;81;1;0;0.000000e+00;0.000000e+00;0.000000e+00;0.000000e+00;0;0.000000e+00;0.000000e+00;0.000000e+00;0.000000e+00;1;1.234568e-02;1.000000e+00;2.439024e-02;1.065789e+00;strlen#0#RV#(1+strlen_0<Error argument index && Error argument index)
strlen;82;81;12;0;0.000000e+00;0.000000e+00;0.000000e+00;0.000000e+00;0;0.000000e+00;0.000000e+00;0.000000e+00;0.000000e+00;12;1.481481e-01;1.000000e+00;2.580645e-01;1.065789e+00;strlen#0#RV#(1<Error argument index && !Error argument index)
strlen;82;81;12;0;0.000000e+00;0.000000e+00;0.000000e+00;0.000000e+00;0;0.000000e+00;0.000000e+00;0.000000e+00;0.000000e+00;12;1.481481e-01;1.000000e+00;2.580645e-01;1.065789e+00;strlen#0#RV#(2<Error argument index && !Error argument index)
strlen;82;81;1;1;1.234568e-02;1.000000e+00;2.439024e-02;2.700000e+01;0;0.000000e+00;0.000000e+00;0.000000e+00;0.000000e+00;0;0.000000e+00;0.000000e+00;0.000000e+00;0.000000e+00;strlen#0#RV#(Error argument index || !strlen_0)
strlen;82;81;1;0;0.000000e+00;0.000000e+00;0.000000e+00;0.000000e+00;0;0.000000e+00;0.000000e+00;0.000000e+00;0.000000e+00;1;1.234568e-02;1.000000e+00;2.439024e-02;1.065789e+00;strlen#0#RV#256>strlen_0
strlen;82;81;1;1;1.234568e-02;1.000000e+00;2.439024e-02;2.700000e+01;0;0.000000e+00;0.000000e+00;0.000000e+00;0.000000e+00;0;0.000000e+00;0.000000e+00;0.000000e+00;0.000000e+00;strlen#0#RV#5>strlen_0
strlen;82;81;30;1;1.234568e-02;3.333334e-02;1.801802e-02;9.000000e-01;2;2.469136e-02;6.666667e-02;3.603604e-02;2.700000e+00;27;3.333333e-01;9.000000e-01;4.864865e-01;9.592105e-01;strlen#0#RV#Error argument index
strlen;82;81;6;0;0.000000e+00;0.000000e+00;0.000000e+00;0.000000e+00;0;0.000000e+00;0.000000e+00;0.000000e+00;0.000000e+00;6;7.407407e-02;1.000000e+00;1.379310e-01;1.065789e+00;strlen#0#RV#Unknown1
strncasecmp;8;8;3;1;1.250000e-01;3.333333e-01;1.818182e-01;4.444444e-01;2;2.500000e-01;6.666667e-01;3.636364e-01;2.666667e+00;0;0.000000e+00;0.000000e+00;0.000000e+00;0.000000e+00;strncasecmp#0#RV#!strncasecmp_0
strncasecmp;8;8;2;2;2.500000e-01;1.000000e+00;4.000000e-01;1.333333e+00;0;0.000000e+00;0.000000e+00;0.000000e+00;0.000000e+00;0;0.000000e+00;0.000000e+00;0.000000e+00;0.000000e+00;strncasecmp#0#RV#(Error argument index!=Error argument index && strncasecmp_0)
strncasecmp;8;8;3;3;3.750000e-01;1.000000e+00;5.454546e-01;1.333333e+00;0;0.000000e+00;0.000000e+00;0.000000e+00;0.000000e+00;0;0.000000e+00;0.000000e+00;0.000000e+00;0.000000e+00;strncasecmp#0#RV#strncasecmp_0
strncmp;1;7;2;0;0.000000e+00;0.000000e+00;0.000000e+00;0.000000e+00;0;0.000000e+00;0.000000e+00;0.000000e+00;0.000000e+00;2;2.857143e-01;1.000000e+00;4.444444e-01;1.000000e+00;strncmp#0#RV#(0<Error argument index && !Error argument index)
strncmpworking 
;1;7;2;0;0.000000e+00;0.000000e+00;0.000000e+00;0.000000e+00;0;0.000000e+00;0.000000e+00;0.000000e+00;0.000000e+00;2;2.857143e-01;1.000000e+00;4.444444e-01;1.000000e+00;strncmp#0#RV#(1<Error argument index && !Error argument index)
strncmp;1;7;2;0;0.000000e+00;0.000000e+00;0.000000e+00;0.000000e+00;0;0.000000e+00;0.000000e+00;0.000000e+00;0.000000e+00;2;2.857143e-01;1.000000e+00;4.444444e-01;1.000000e+00;strncmp#0#RV#(2<Error argument index && !Error argument index)
strncmp;1;7;1;0;0.000000e+00;0.000000e+00;0.000000e+00;0.000000e+00;0;0.000000e+00;0.000000e+00;0.000000e+00;0.000000e+00;1;1.428571e-01;1.000000e+00;2.500000e-01;1.000000e+00;strncmp#0#RV#Unknown1
strstr;21;18;1;0;0.000000e+00;0.000000e+00;0.000000e+00;0.000000e+00;1;5.555556e-02;1.000000e+00;1.052632e-01;6.000000e+00;0;0.000000e+00;0.000000e+00;0.000000e+00;0.000000e+00;strstr#0#RV#((Unknown1 && strstr_0) && Error argument index)
strstr;21;18;1;1;5.555556e-02;1.000000e+00;1.052632e-01;6.000000e+00;0;0.000000e+00;0.000000e+00;0.000000e+00;0.000000e+00;0;0.000000e+00;0.000000e+00;0.000000e+00;0.000000e+00;strstr#0#RV#(Error argument index && strstr_0)
strstr;21;18;1;0;0.000000e+00;0.000000e+00;0.000000e+00;0.000000e+00;1;5.555556e-02;1.000000e+00;1.052632e-01;6.000000e+00;0;0.000000e+00;0.000000e+00;0.000000e+00;0.000000e+00;strstr#0#RV#(Unknown1 && strstr_0)
strstr;21;18;2;2;1.111111e-01;1.000000e+00;2.000000e-01;6.000000e+00;0;0.000000e+00;0.000000e+00;0.000000e+00;0.000000e+00;0;0.000000e+00;0.000000e+00;0.000000e+00;0.000000e+00;strstr#0#RV#Error argument index==strstr_0
strstr;21;18;13;0;0.000000e+00;0.000000e+00;0.000000e+00;0.000000e+00;1;5.555556e-02;7.692308e-02;6.451613e-02;4.615385e-01;12;6.666667e-01;9.230769e-01;7.741935e-01;1.384615e+00;strstr#0#RV#strstr_0
strtoul;16;9;2;0;0.000000e+00;0.000000e+00;0.000000e+00;0.000000e+00;0;0.000000e+00;0.000000e+00;0.000000e+00;0.000000e+00;2;2.222222e-01;1.000000e+00;3.636364e-01;1.000000e+00;strtoul#0#RV#(0<Error argument index && !Error argument index)
strtoul;16;9;2;0;0.000000e+00;0.000000e+00;0.000000e+00;0.000000e+00;0;0.000000e+00;0.000000e+00;0.000000e+00;0.000000e+00;2;2.222222e-01;1.000000e+00;3.636364e-01;1.000000e+00;strtoul#0#RV#(1<Error argument index && !Error argument index)
strtoul;16;9;2;0;0.000000e+00;0.000000e+00;0.000000e+00;0.000000e+00;0;0.000000e+00;0.000000e+00;0.000000e+00;0.000000e+00;2;2.222222e-01;1.000000e+00;3.636364e-01;1.000000e+00;strtoul#0#RV#(2<Error argument index && !Error argument index)
strtoul;16;9;1;0;0.000000e+00;0.000000e+00;0.000000e+00;0.000000e+00;0;0.000000e+00;0.000000e+00;0.000000e+00;0.000000e+00;1;1.111111e-01;1.000000e+00;2.000000e-01;1.000000e+00;strtoul#0#RV#(Unknown1 && !strtoul_0)
strtoul;16;9;2;0;0.000000e+00;0.000000e+00;0.000000e+00;0.000000e+00;0;0.000000e+00;0.000000e+00;0.000000e+00;0.000000e+00;2;2.222222e-01;1.000000e+00;3.636364e-01;1.000000e+00;strtoul#0#RV#strtoul_0
test_abort;2;1;1;0;0.000000e+00;0.000000e+00;0.000000e+00;0.000000e+00;1;1.000000e+00;1.000000e+00;1.000000e+00;1.000000e+00;0;0.000000e+00;0.000000e+00;0.000000e+00;0.000000e+00;test_abort#0#RV#test_abort_0
unlink;1;1;1;1;1.000000e+00;1.000000e+00;1.000000e+00;1.000000e+00;0;0.000000e+00;0.000000e+00;0.000000e+00;0.000000e+00;0;0.000000e+00;0.000000e+00;0.000000e+00;0.000000e+00;unlink#0#RV#unlink_0
user_is_in_group;1;1;1;0;0.000000e+00;0.000000e+00;0.000000e+00;0.000000e+00;1;1.000000e+00;1.000000e+00;1.000000e+00;1.000000e+00;0;0.000000e+00;0.000000e+00;0.000000e+00;0.000000e+00;user_is_in_group#0#RV#(Error argument index && user_is_in_group_0)
